function I = PS(t,D)

I = 75.0 - 0.06759*exp(-32.37*D*t) - 0.02433*exp(-33.07*D*t) - 0.01242*exp(-34.13*D*t) - 0.007511*exp(-35.53*D*t) - 0.219*exp(-4.65*D*t) - 1.006*exp(-19.39*D*t) - 0.1117*exp(-19.74*D*t) - 1.971*exp(-9.913*D*t) - 1.006*exp(-2.544*D*t) - 0.04023*exp(-20.44*D*t) - 0.219*exp(-10.26*D*t) - 0.02052*exp(-21.49*D*t) - 0.07884*exp(-10.97*D*t) - 0.1117*exp(-5.702*D*t) - 0.01242*exp(-22.9*D*t) - 1.971*exp(-1.491*D*t) - 0.04023*exp(-12.02*D*t) - 5.475*exp(-0.7896*D*t) - 0.02433*exp(-13.42*D*t) - 49.28*exp(-0.4386*D*t) - 0.06759*exp(-7.106*D*t) - 5.475*exp(-3.597*D*t) - 1.217*exp(-3.948*D*t) - 0.6084*exp(-32.02*D*t);

end