function I = PS1(t,D)

I = 30.0 - 3.063e-5.*exp(-0.8883.*D.*t).*(31755.0.*exp(0.6141.*D.*t) + 16200.0.*exp(0.3509.*D.*t) + 88200.0.*exp(0.7896.*D.*t) + 7.938e5.*exp(0.8773.*D.*t) + 9800.0);
end